pos_to_be\1(1).png 1 163 121 262 239
pos_to_be\1(10).png 1 192 138 213 202
pos_to_be\1(11).png 1 173 143 185 176
pos_to_be\1(12).png 1 169 123 247 242
pos_to_be\1(13).png 1 304 196 183 174
pos_to_be\1(14).png 1 222 197 142 134
pos_to_be\1(15).png 1 225 180 165 160
pos_to_be\1(16).png 1 215 155 183 166
pos_to_be\1(17).png 1 156 105 286 273
pos_to_be\1(18).png 1 187 163 223 208
pos_to_be\1(19).png 1 159 117 272 250
pos_to_be\1(2).png 1 154 133 318 275
pos_to_be\1(20).png 1 216 212 189 179
pos_to_be\1(3).png 1 203 177 220 212
pos_to_be\1(4).png 1 155 130 292 268
pos_to_be\1(5).png 1 177 142 187 174
pos_to_be\1(6).png 1 217 155 202 190
pos_to_be\1(7).png 1 200 144 235 219
pos_to_be\1(8).png 1 232 177 185 172
pos_to_be\1(9).png 1 207 129 244 234
pos_to_be\10(1).JPG 3 656 400 253 124 331 243 280 134 270 456 309 179
pos_to_be\10(10).JPG 3 944 515 315 273 547 228 315 264 526 685 358 329
pos_to_be\10(11).JPG 3 648 669 338 333 949 249 374 372 447 118 290 283
pos_to_be\10(2).JPG 2 749 95 252 230 246 338 644 637
pos_to_be\10(3).JPG 2 1267 283 192 156 181 250 231 195
pos_to_be\10(4).JPG 2 1177 128 315 195 194 208 1103 734
pos_to_be\10(5).JPG 3 156 294 145 140 1172 855 138 141 924 326 558 532
pos_to_be\10(6).JPG 2 861 653 116 108 617 643 117 107
pos_to_be\10(8).JPG 7 1054 801 161 143 669 880 160 156 384 651 143 152 1106 490 115 127 632 337 472 449 474 209 132 125 642 75 129 124
pos_to_be\10(9).JPG 6 1002 270 124 117 990 638 164 165 681 153 133 130 227 711 132 138 123 510 137 136 463 289 449 452
pos_to_be\11(10).JPG 3 353 452 266 137 591 292 276 139 211 249 225 112
pos_to_be\11(11).JPG 3 539 532 280 208 682 322 239 170 313 310 221 156
pos_to_be\11(12).JPG 5 943 543 384 250 445 501 362 234 687 348 323 184 439 249 325 175 198 404 340 206
pos_to_be\11(14).JPG 14 1084 555 118 121 890 842 110 103 683 853 117 115 481 867 97 96 884 626 103 98 684 635 115 111 483 646 99 96 801 732 120 119 559 725 150 148 616 409 127 128 462 416 125 125 617 234 120 121 461 232 123 122 822 295 135 133
pos_to_be\11(15).JPG 9 1154 698 228 223 693 712 256 241 253 745 215 207 950 454 262 255 427 441 319 307 1136 223 225 215 701 239 244 242 255 259 215 209 255 259 215 209
pos_to_be\11(16).JPG 5 1168 304 382 373 580 128 338 335 133 118 347 348 582 631 352 353 132 649 349 347
pos_to_be\11(17).JPG 14 1220 506 146 149 989 860 132 126 729 873 149 141 482 893 124 124 872 725 149 146 580 723 176 174 974 593 129 122 727 605 144 136 478 619 124 121 641 327 157 154 450 338 150 152 636 110 151 147 443 107 154 153 894 184 166 163
pos_to_be\11(18).JPG 3 380 518 246 241 857 683 219 211 822 290 203 196
pos_to_be\11(19).JPG 3 881 721 179 157 1010 398 225 170 490 401 250 199
pos_to_be\11(20).JPG 3 867 739 250 169 1042 395 306 178 343 421 334 219
pos_to_be\11(21).JPG 2 683 607 416 406 426 60 371 368
pos_to_be\11(3).JPG 7 1247 296 199 171 1003 393 137 137 930 789 150 163 405 587 521 461 365 398 123 102 108 405 122 104 324 210 155 136
pos_to_be\11(4).JPG 3 1125 200 150 138 652 884 164 146 311 633 141 116
pos_to_be\11(8).JPG 2 563 481 139 133 1001 422 137 143
pos_to_be\11(9).JPG 3 520 684 364 329 946 514 322 272 546 223 316 270
pos_to_be\12(1).JPG 1 694 469 420 405
pos_to_be\12(2).JPG 1 561 431 141 139
pos_to_be\12(3).JPG 1 759 449 125 149
pos_to_be\12(4).JPG 1 861 450 107 200
pos_to_be\12(5).JPG 1 373 291 670 636
pos_to_be\12(6).JPG 1 281 272 673 565
pos_to_be\12(7).JPG 1 23 260 955 478
pos_to_be\12(8).JPG 1 210 316 452 311
pos_to_be\13(1).JPG 1 651 176 211 213
pos_to_be\13(10).JPG 1 448 554 527 412
pos_to_be\13(11).JPG 1 446 128 540 451
pos_to_be\13(12).JPG 1 764 373 517 472
pos_to_be\13(13).JPG 1 654 484 571 493
pos_to_be\13(2).JPG 1 364 526 158 168
pos_to_be\13(3).JPG 1 480 307 221 200
pos_to_be\13(4).JPG 1 493 604 138 134
pos_to_be\13(5).JPG 1 445 717 274 174
pos_to_be\13(7).JPG 1 670 124 870 856
pos_to_be\13(8).JPG 1 645 325 884 596
pos_to_be\13(9).JPG 1 542 224 538 523
pos_to_be\14(1).JPG 3 742 162 243 251 826 518 71 75 331 672 312 321
pos_to_be\14(10).JPG 2 1071 153 181 305 615 804 190 266
pos_to_be\14(2).JPG 1 727 494 92 161
pos_to_be\14(3).JPG 2 1183 818 98 123 333 116 427 415
pos_to_be\14(4).JPG 2 1060 536 97 96 486 512 45 46
pos_to_be\14(5).JPG 2 165 532 84 81 965 497 129 135
pos_to_be\14(6).JPG 3 620 380 68 65 892 293 111 112 795 848 100 102
pos_to_be\14(7).JPG 2 681 474 92 91 933 348 140 142
pos_to_be\14(8).JPG 1 476 689 92 88
pos_to_be\14(9).JPG 2 730 485 86 85 1306 509 131 126
pos_to_be\2(1).png 1 35 39 167 168
pos_to_be\2(10).png 1 26 32 201 199
pos_to_be\2(11).png 1 37 43 181 195
pos_to_be\2(12).png 1 49 37 148 151
pos_to_be\2(13).png 1 27 12 176 202
pos_to_be\2(14).png 1 54 18 167 168
pos_to_be\2(15).png 1 80 54 101 107
pos_to_be\2(16).png 1 32 52 168 165
pos_to_be\2(17).png 1 43 33 158 163
pos_to_be\2(18).png 1 36 32 156 193
pos_to_be\2(19).png 1 23 17 199 220
pos_to_be\2(2).png 1 47 31 163 175
pos_to_be\2(20).png 1 31 44 163 169
pos_to_be\2(21).png 1 54 25 136 154
pos_to_be\2(22).png 1 31 54 172 181
pos_to_be\2(23).png 1 27 25 187 155
pos_to_be\2(24).png 1 40 20 167 196
pos_to_be\2(25).png 1 51 40 126 165
pos_to_be\2(26).png 1 51 19 150 159
pos_to_be\2(27).png 1 47 48 172 165
pos_to_be\2(28).png 1 46 33 172 151
pos_to_be\2(29).png 1 49 53 144 136
pos_to_be\2(3).png 1 35 29 190 183
pos_to_be\2(30).png 1 51 67 105 107
pos_to_be\2(31).png 1 74 51 125 141
pos_to_be\2(32).png 1 42 62 130 134
pos_to_be\2(33).png 1 42 57 170 139
pos_to_be\2(34).png 1 33 49 135 141
pos_to_be\2(35).png 1 51 46 141 147
pos_to_be\2(36).png 1 60 62 153 153
pos_to_be\2(37).png 1 11 65 164 163
pos_to_be\2(38).png 1 56 61 141 143
pos_to_be\2(39).png 1 26 12 170 179
pos_to_be\2(4).png 1 37 40 166 164
pos_to_be\2(40).png 1 46 47 166 171
pos_to_be\2(41).png 1 41 62 161 165
pos_to_be\2(42).png 1 30 46 181 164
pos_to_be\2(5).png 1 58 90 126 129
pos_to_be\2(6).png 1 53 27 169 190
pos_to_be\2(7).png 1 61 57 131 131
pos_to_be\2(8).png 1 41 29 174 179
pos_to_be\2(9).png 1 33 34 189 166
pos_to_be\3(1).png 1 35 33 172 174
pos_to_be\3(10).png 1 39 40 164 164
pos_to_be\3(11).png 1 41 29 159 164
pos_to_be\3(12).png 1 28 31 154 162
pos_to_be\3(13).png 1 49 36 150 151
pos_to_be\3(14).png 1 43 40 147 150
pos_to_be\3(15).png 1 37 61 158 160
pos_to_be\3(16).png 1 41 42 159 163
pos_to_be\3(17).png 1 43 38 161 168
pos_to_be\3(18).png 1 64 55 124 135
pos_to_be\3(19).png 1 66 47 122 127
pos_to_be\3(2).png 1 32 38 151 163
pos_to_be\3(20).png 1 48 45 151 162
pos_to_be\3(21).png 1 54 48 135 151
pos_to_be\3(22).png 1 73 41 132 138
pos_to_be\3(23).png 1 57 63 124 127
pos_to_be\3(24).png 1 44 51 134 135
pos_to_be\3(25).png 1 27 28 162 162
pos_to_be\3(26).png 1 46 48 161 158
pos_to_be\3(27).png 1 35 35 176 170
pos_to_be\3(28).png 1 61 54 151 136
pos_to_be\3(29).png 1 36 41 164 164
pos_to_be\3(3).png 1 36 34 147 152
pos_to_be\3(30).png 1 34 46 151 140
pos_to_be\3(31).png 1 31 35 169 174
pos_to_be\3(32).png 1 28 32 173 178
pos_to_be\3(33).png 1 43 31 164 175
pos_to_be\3(34).png 1 45 29 138 134
pos_to_be\3(35).png 1 63 61 119 116
pos_to_be\3(36).png 1 63 44 125 125
pos_to_be\3(37).png 1 51 39 154 157
pos_to_be\3(38).png 1 68 76 97 94
pos_to_be\3(39).png 1 59 92 105 100
pos_to_be\3(4).png 1 46 60 147 148
pos_to_be\3(40).png 1 70 55 114 115
pos_to_be\3(41).png 1 65 50 99 97
pos_to_be\3(42).png 1 55 35 110 122
pos_to_be\3(43).png 1 80 68 113 109
pos_to_be\3(44).png 1 64 65 113 105
pos_to_be\3(45).png 1 68 65 108 103
pos_to_be\3(46).png 1 55 50 133 133
pos_to_be\3(47).png 1 53 56 123 128
pos_to_be\3(48).png 1 65 43 117 116
pos_to_be\3(5).png 1 51 45 140 142
pos_to_be\3(6).png 1 41 32 163 155
pos_to_be\3(7).png 1 41 48 156 152
pos_to_be\3(8).png 1 38 49 161 152
pos_to_be\3(9).png 1 39 34 175 168
pos_to_be\4(1).png 1 31 30 185 192
pos_to_be\4(10).png 1 27 37 194 192
pos_to_be\4(11).png 1 29 23 198 187
pos_to_be\4(12).png 1 42 42 173 171
pos_to_be\4(13).png 1 19 25 177 190
pos_to_be\4(14).png 1 41 56 162 149
pos_to_be\4(15).png 1 29 34 177 183
pos_to_be\4(2).png 1 26 24 177 197
pos_to_be\4(3).png 1 26 40 178 182
pos_to_be\4(4).png 1 40 33 170 170
pos_to_be\4(5).png 1 28 27 208 212
pos_to_be\4(6).png 1 40 34 172 172
pos_to_be\4(7).png 1 12 35 216 163
pos_to_be\4(8).png 1 33 52 182 181
pos_to_be\4(9).png 1 30 43 176 174
pos_to_be\5(1).jpg 1 267 359 135 148
pos_to_be\5(10).jpg 4 329 288 205 199 723 734 174 171 1028 216 202 207 1425 556 228 232
pos_to_be\5(100).jpg 1 274 438 188 174
pos_to_be\5(101).jpg 1 258 407 184 175
pos_to_be\5(102).jpg 1 236 431 172 164
pos_to_be\5(103).jpg 1 236 404 163 172
pos_to_be\5(104).jpg 1 251 391 152 162
pos_to_be\5(105).jpg 1 256 384 136 152
pos_to_be\5(11).jpg 4 436 219 194 153 804 588 183 168 1078 177 192 149 1477 439 266 201
pos_to_be\5(12).jpg 4 1291 421 199 168 643 495 203 168 330 242 214 158 972 140 141 117
pos_to_be\5(13).jpg 4 147 575 117 112 398 388 102 90 128 245 108 91 300 82 118 87
pos_to_be\5(14).jpg 4 197 795 118 128 376 617 98 95 176 489 76 73 349 364 79 71
pos_to_be\5(15).jpg 4 311 810 119 134 447 627 89 99 246 488 75 83 392 373 73 82
pos_to_be\5(16).jpg 1 150 409 269 288
pos_to_be\5(17).jpg 1 107 340 301 279
pos_to_be\5(18).jpg 1 211 291 264 213
pos_to_be\5(19).jpg 1 68 315 285 281
pos_to_be\5(2).jpg 1 144 113 876 902
pos_to_be\5(20).jpg 1 140 383 298 293
pos_to_be\5(21).jpg 1 112 338 346 353
pos_to_be\5(22).jpg 2 39 491 174 172 323 135 193 191
pos_to_be\5(23).jpg 2 449 693 285 291 933 70 337 340
pos_to_be\5(24).jpg 4 1168 219 329 315 681 179 248 257 686 761 207 216 229 584 206 224
pos_to_be\5(25).jpg 1 103 377 286 288
pos_to_be\5(26).jpg 1 178 411 263 264
pos_to_be\5(27).jpg 1 150 381 240 241
pos_to_be\5(28).jpg 1 122 261 344 346
pos_to_be\5(29).jpg 1 192 363 259 261
pos_to_be\5(3).jpg 1 134 138 837 853
pos_to_be\5(31).jpg 1 164 355 309 310
pos_to_be\5(32).jpg 1 123 322 336 341
pos_to_be\5(33).jpg 1 161 362 297 292
pos_to_be\5(34).jpg 1 176 307 254 245
pos_to_be\5(35).jpg 1 233 377 278 276
pos_to_be\5(36).jpg 1 129 448 326 318
pos_to_be\5(37).jpg 1 106 426 318 317
pos_to_be\5(38).jpg 1 166 404 291 294
pos_to_be\5(39).jpg 1 171 245 318 307
pos_to_be\5(4).jpg 1 133 149 772 779
pos_to_be\5(40).jpg 1 71 262 380 372
pos_to_be\5(41).jpg 1 110 265 368 363
pos_to_be\5(42).jpg 1 29 302 479 477
pos_to_be\5(43).jpg 1 114 220 304 302
pos_to_be\5(44).jpg 1 69 129 387 376
pos_to_be\5(45).jpg 1 93 171 358 347
pos_to_be\5(46).jpg 2 179 115 319 310 71 689 304 319
pos_to_be\5(47).jpg 4 429 568 113 115 159 797 124 126 116 359 129 134 326 103 144 144
pos_to_be\5(48).jpg 4 83 705 117 121 343 597 104 111 151 375 117 117 358 231 138 133
pos_to_be\5(49).jpg 4 353 595 141 139 425 340 117 110 119 334 139 134 144 85 153 141
pos_to_be\5(5).jpg 1 485 137 688 583
pos_to_be\5(50).jpg 4 97 617 150 146 415 389 126 106 84 206 137 110 300 23 137 102
pos_to_be\5(51).jpg 4 145 632 106 111 388 439 97 96 109 248 115 115 299 24 130 128
pos_to_be\5(52).jpg 4 173 754 98 90 401 585 96 93 117 394 121 120 316 125 148 158
pos_to_be\5(53).jpg 4 174 800 97 100 367 635 108 104 91 450 111 114 228 152 148 174
pos_to_be\5(54).jpg 4 1417 543 271 240 508 602 287 258 976 114 198 167 62 210 317 235
pos_to_be\5(55).jpg 4 1348 568 247 238 524 684 241 241 905 122 200 193 51 279 261 268
pos_to_be\5(56).jpg 4 1256 760 301 300 1006 141 262 252 465 559 277 294 164 28 293 308
pos_to_be\5(57).jpg 4 1165 362 229 221 694 685 207 219 307 570 208 237 747 211 179 194
pos_to_be\5(58).jpg 4 1178 579 116 117 782 629 118 118 532 424 134 133 964 346 103 102
pos_to_be\5(59).jpg 4 894 722 158 156 524 498 170 171 872 384 147 145 430 157 195 199
pos_to_be\5(6).jpg 1 354 165 679 811
pos_to_be\5(60).jpg 4 787 715 157 159 434 320 178 177 1060 250 183 187 1419 556 209 208
pos_to_be\5(61).jpg 4 1279 727 190 193 853 579 158 161 1111 210 179 177 1111 210 179 177
pos_to_be\5(62).jpg 4 350 536 119 115 387 330 100 91 137 349 115 104 147 167 121 101
pos_to_be\5(63).jpg 4 215 654 61 62 343 542 58 59 188 445 66 67 289 314 73 73
pos_to_be\5(64).jpg 4 155 612 73 75 316 540 67 66 188 395 79 84 322 294 92 88
pos_to_be\5(65).jpg 4 228 646 65 67 353 519 69 63 190 428 66 66 284 274 83 86
pos_to_be\5(66).jpg 4 178 666 63 73 297 526 65 71 128 440 66 76 209 265 82 97
pos_to_be\5(67).jpg 4 307 628 79 89 413 468 66 74 215 385 88 92 292 207 93 98
pos_to_be\5(69).jpg 4 300 658 110 113 388 468 89 80 145 419 110 101 201 244 111 96
pos_to_be\5(7).jpg 1 533 250 643 648
pos_to_be\5(70).jpg 4 84 691 111 113 331 576 95 96 146 392 107 98 332 266 116 104
pos_to_be\5(71).jpg 1 159 315 220 225
pos_to_be\5(72).jpg 1 199 390 140 159
pos_to_be\5(73).jpg 1 40 308 137 195
pos_to_be\5(74).jpg 1 131 340 171 206
pos_to_be\5(75).jpg 1 155 353 190 206
pos_to_be\5(76).jpg 1 174 359 188 191
pos_to_be\5(77).jpg 1 131 344 187 194
pos_to_be\5(78).jpg 1 161 364 170 193
pos_to_be\5(79).jpg 1 221 374 155 182
pos_to_be\5(8).jpg 1 497 269 705 593
pos_to_be\5(80).jpg 1 258 377 141 173
pos_to_be\5(81).jpg 1 276 385 130 177
pos_to_be\5(82).jpg 1 147 535 293 196
pos_to_be\5(83).jpg 1 164 415 270 213
pos_to_be\5(84).jpg 1 179 461 223 195
pos_to_be\5(85).jpg 1 178 433 195 187
pos_to_be\5(86).jpg 1 188 422 224 223
pos_to_be\5(87).jpg 1 187 397 193 185
pos_to_be\5(88).jpg 1 208 287 191 176
pos_to_be\5(89).jpg 1 173 268 218 177
pos_to_be\5(9).jpg 1 441 187 738 778
pos_to_be\5(90).jpg 1 190 245 223 167
pos_to_be\5(91).jpg 1 81 423 199 172
pos_to_be\5(92).jpg 1 161 356 174 170
pos_to_be\5(93).jpg 1 190 380 184 184
pos_to_be\5(94).jpg 1 182 406 197 197
pos_to_be\5(95).jpg 1 162 425 203 227
pos_to_be\5(96).jpg 1 188 470 172 197
pos_to_be\5(97).jpg 1 203 451 160 184
pos_to_be\5(98).jpg 1 183 441 165 179
pos_to_be\5(99).jpg 1 293 483 190 164
pos_to_be\6(1).jpg 2 768 469 356 571 147 67 339 371
pos_to_be\6(10).jpg 1 192 679 97 98
pos_to_be\6(2).jpg 1 248 77 1250 955
pos_to_be\6(3).JPG 1 1215 263 167 164
pos_to_be\6(4).JPG 2 325 209 374 363 1431 572 325 321
pos_to_be\6(5).JPG 3 884 756 239 245 80 520 367 349 1402 102 175 331
pos_to_be\6(6).jpg 2 393 675 109 109 1553 661 177 188
pos_to_be\6(7).jpg 2 286 158 213 285 25 683 168 204
pos_to_be\6(8).jpg 1 43 182 713 800
pos_to_be\6(9).jpg 3 980 654 100 109 1152 141 516 508 141 622 586 454
pos_to_be\7(1).jpg 1 743 358 336 329
pos_to_be\7(10).jpg 1 546 156 712 823
pos_to_be\7(11).jpg 1 476 194 643 650
pos_to_be\7(12).jpg 1 457 180 1045 897
pos_to_be\7(13).jpg 1 617 342 754 406
pos_to_be\7(14).jpg 1 676 103 904 932
pos_to_be\7(15).jpg 2 489 49 893 919 489 49 893 919
pos_to_be\7(16).jpg 1 773 417 313 306
pos_to_be\7(17).jpg 1 415 45 881 872
pos_to_be\7(18).jpg 1 454 168 934 775
pos_to_be\7(19).jpg 1 788 477 393 400
pos_to_be\7(2).jpg 1 605 191 697 706
pos_to_be\7(20).jpg 1 512 61 873 894
pos_to_be\7(21).jpg 1 557 374 292 281
pos_to_be\7(22).jpg 1 812 490 241 240
pos_to_be\7(23).jpg 1 683 398 317 303
pos_to_be\7(3).jpg 1 529 318 875 522
pos_to_be\7(4).jpg 1 376 268 981 666
pos_to_be\7(5).jpg 1 586 194 754 756
pos_to_be\7(6).jpg 1 519 167 811 811
pos_to_be\7(7).jpg 1 710 336 341 354
pos_to_be\7(8).jpg 1 789 355 330 336
pos_to_be\7(9).jpg 1 760 371 521 522
pos_to_be\8(1).jpg 3 464 328 73 80 34 305 219 206 832 61 187 180
pos_to_be\8(2).jpg 2 663 196 304 328 430 481 595 479
pos_to_be\8(3).jpg 2 106 219 261 286 577 525 268 426
pos_to_be\8(4).jpg 4 418 299 148 155 393 440 206 208 320 829 115 101 917 372 315 160
pos_to_be\8(5).jpg 3 413 532 213 204 879 568 105 104 1150 309 113 173
pos_to_be\8(6).jpg 2 191 584 152 146 852 146 269 298
pos_to_be\8(7).jpg 2 286 593 146 149 944 138 284 318
pos_to_be\8(8).jpg 2 611 463 133 126 8 291 397 391
pos_to_be\8(9).jpg 2 691 313 106 116 5 195 514 490
pos_to_be\9(2).jpg 2 197 438 94 89 1017 383 107 87
